ID_ZLECENIA	ID_USLUGI	ID_KLIENTA	ID_PRACOWNIKA	DATA_ZLOZENIA
1		1		5		5		20-NOV-21
2		5		7		2		23-NOV-21
3		3		3		6		24-NOV-21
4		4		12		3		26-NOV-21
5		1		8		5		28-NOV-21
6		1		10		4		23-NOV-21
7		2		7		6		26-NOV-21
8		5		3		2		24-NOV-21
9		4		2		2		25-NOV-21
10		3		6		6		26-NOV-21
11		2		8		6		23-NOV-21
12		4		1		2		24-NOV-21
13		4		11		3		23-NOV-21
14		3		14		6		21-NOV-21
15		3		3		6		23-NOV-21
16		5		14		3		21-NOV-21
17		4		13		3		25-NOV-21
18		2		12		6		24-NOV-21
19		2		11		6		28-NOV-21
20		2		10		6		29-NOV-21
21		3		9		6		27-NOV-21
22		5		8		3		24-NOV-21
23		1		7		4		22-NOV-21
24		2		6		6		27-NOV-21
25		2		5		6		24-NOV-21
26		4		5		2		23-NOV-21
27		5		4		2		20-NOV-21
28		3		3		6		22-NOV-21
29		3		2		6		23-NOV-21
30		1		1		5		26-NOV-21